2803551464
3863319608
881357481
1109987968
3658860150
3315323905
4198570301
3652285991
1721298471
3232746849
1661068675
3675435883
1266177355
3868442553
1163754899
2038125438
2113199153
278716595
447807401
456478106
1565862083
2426641191
3769379795
4042653019
3158919914
2604844963
3503237453
4190047494
1508094238
3966816125
153714142
2501046140
3465635759
2281340669
1947117382
3554722463
2895819105
3663372904
972483691
3103264896
1231082782
677329322
4213558179
3733652773
2757807191
3659397827
2014222939
1519490935
2666464202
3676123771
2015665014
109371500
294104105
1187924694
233912451
2412805636
817894379
1395482208
3562787574
1636231691
2540574931
3678820167
3317210708
4288708469
1879088166
701025730
3423726238
1909393974
1624595706
3967809180
777390928
1785937011
359962895
854620758
3063588727
1433213216
2803878786
2329364922
1779308956
3404134972
1395206729
3508058831
1116027046
2195488600
2604784575
3249582504
3359093168
672414721
1676765380
2195210206
2283189431
612834977
766576814
4213760180
3406935361
3420461762
1235496789
173628319
261376069
222446472
2415523644
1659538503
2093459328
2208927482
3256205940
442613372
143074490
1735254052
343474171
1216387933
2791688067
1779703537
931109619
3909752583
1091036396
1885451799
2641179046
3313303611
1788713502
3276737391
3686124913
4049057301
1320547253
3049327526
3925548387
3860805956
121451892
208485480
1335156808
852919988
720375531
959468704
3616550273
2188151246
780323861
1233973486
1438953538
3015669375
1294214596
208089104
4039335554
2824055773
3969004038
1170304116
1924952282
2342839060
1280565768
2457571349
3862937291
2871096736
1105617840
3677109966
2187877708
4272688785
3295756457
973279191
3878333697
1780876174
2766006677
2841853108
2299057510
700255162
2271482758
722098296
2553444501
4083439109
2915859231
3061273996
71153829
3758297347
2059683083
3582066959
1606122310
2229509702
2187668151
2109717235
973527207
1561887968
1516813386
3430335169
637793982
59648493
595008931
4099377796
456719390
1799147975
3664059641
235916842
3192431703
2506865442
317547190
875265848
1880550692
1925495250
2593120814
1582158974
3668520063
3814375697
2214942913
322731329
1132318778
3637753219
2304025116
3076973971
1751188975
2292741635
1096063406
171054648
1279185659
218575107
2695974731
3015465123
900708948
285956515
2835184574
1830648432
24226177
3913307348
709805409
3914528329
2357158200
1580605862
1633939788
694182947
114180253
135274241
1330410519
2412255194
1349483516
2650174971
116680049
107795550
1626255610
365704999
944383883
3274933652
836029143
206685245
2323037977
2769296404
2297334096
2160389008
1454896024
114948651
578033974
685495731
1270899549
513961497
211454341
2936207952
1512214853
3059332534
2552656467
400979593
925517547
2761576742
3555169607
2812875812
2779463262
139313286
2353857022
982596329
3883902084
14276376
140307640
3806843586
2347798972
3325150393
4121937465
2962523945
1266915255
3759184321
1042439096
749808283
2415727707
3125813780
2141324196
3968979909
3652566174
321199093
3046792179
1098495330
2604753232
1862387736
2192793959
2051192988
2557781180
3731887024
2759326292
105999228
2146740774
1040408590
915828469
2363804509
3948153155
3391750312
2772699877
792609079
1119187290
671982481
3327509782
271583813
408567880
2445571312
252000432
506925272
2365381207
635392808
1588066879
2931542740
2109256412
3736474726
781943416
10071776
3230850634
1660725925
4086903988
4070040103
3213756608
945742841
2324657388
2414450355
1869147202
890249566
2967360210
1836402422
2149565922
1204370924
2380256694
2229421324
3984204506
2767646531
1048423406
214736602
1069306050
1781258836
4157295205
1520299787
3173677946
2275026767
2196014210
836408749
2212601866
2967131212
1408935700
1834012279
1501557594
1493417575
808033265
3555159983
293029869
3062492778
2409773786
2325824819
583617536
3912733726
2088007342
2715226105
1867576901
1293224839
4047144971
2973100941
68728696
4086674018
8898161
2760389636
1349766780
1574999391
4171544034
913353494
3302317467
1003762868
3172421289
7930590
21462141
3222102431
2642830
4087763374
1688152784
3921545632
646391125
4057318954
1400108869
3754968516
2388970328
3453741880
2761642219
2615095071
563986267
2912214767
792865674
3618700153
1735982768
2718807926
132128650
940623358
136939212
1047489840
4027166112
2163081404
3924386877
879041395
3952771042
2414986463
414180419
2239509990
1754732468
506563152
1463126781
2033220699
1296021829
172777910
3062422795
150826626
3699752742
1873077685
3608954677
3803217008
3128596616
1818999765
3699877667
813416483
2620443984
1962326862
1417173761
3184138688
3357092321
3145764671
2927609635
994567590
1661060307
2855838759
1463515352
2926027272
3527680952
2961422398
818654023
4148775181
1624701609
3868348110
14660092
1650201085
1577348597
928333108
3359527763
2493422237
4049859084
808181868
3874613830
2414207592
2192714364
2620261988
3421336433
2145068049
1367813734
2490910487
4145149273
653475748
3354044055
677865088
3197386894
2413890103
2435569073
2187512586
2542833514
3572579654
2017351712
5553473
640675166
2795084400
2609356887
2593669850
4070644525
3952447643
985533706
3981413303
1395736469
3770147570
3049564640
3669109025
586331218
2013763822
3259325971
1170438196
893146793
4276674223
517139920
3700596506
3682493367
1647308172
3850135349
1499363688
2533635168
1508239269
271906508
1057947362
2434000862
4069928760
2158118299
1870620487
2517052343
805793864
3119674762
2165744152
489482550
1394412113
1688791106
2221982373
509411098
690237193
361691686
409813774
2479075744
2614997153
138753315
1582919319
1111462306
2817276056
3922045147
2458848754
2016288686
3875916854
1819358445
2145320252
3173766775
1124742733
3808566641
3102443342
492056611
299335684
3558899943
1186125415
1513322537
2581869741
3557617919
2443351935
3700215306
3811735096
3449088496
4038184431
716454294
780371402
2441289917
2353736566
3908286816
1633135638
4111559476
1653322112
1039455295
1736742501
3059170943
852606650
3295497790
4040836405
34353198
1692183974
1048943716
3700991866
1661288377
2961925985
2911928114
853205608
3883096539
3316435466
3600326622
294216092
142225406
3223481515
4047939579
10593493
1571866528
3868224862
1733465319
140374901
2504220157
1967928420
1374999816
2092836480
2188588730
4086645629
1173726445
2118624452
4052654321
874803249
915791810
2876128871
1166216594
2558656344
3032547997
409533844
763326165
1226596083
828591072
1345792276
1197579007
1894139125
822054687
1396307099
1790205358
3094326868
3799035806
3721726704
841012741
3840498378
3659695914
622503250
1995956625
179163536
147006620
4089819884
2819423512
3998447441
316775105
1873596673
530771781
2204589634
3113913197
1448444211
3652721866
3404216248
4182675295
255352265
4276722777
1721927940
2826897767
1337359668
2382979588
3654073394
3782544994
4188329897
2963658716
3451432571
2562651834
2486950069
3611478669
3511021819
3758230566
1191506029
219231125
1462411319
1569787641
1311860292
1429989499
135664183
3914727258
1471033973
1827686776
2441893746
2577465974
1828378028
2507242698
490703380
3870274107
2565359
3814929925
1775006734
3767068432
490126986
2383094618
1960725227
1959828051
139119706
241951130
153149559
3029945372
1094128516
993066495
3671412953
816910858
4020983160
1284781999
790424414
2707283960
570447483
807974973
3431718547
2194317541
3989614647
2478679657
1836566878
2232420373
403014712
2047708884
2209923477
676720984
2065315935
3666511689
2931562466
2002102420
1449029906
1094666459
4159795437
3940699594
1952608448
25578431
3936796403
2241985556
2978397189
1820356263
1125129874
1351093053
2695136012
416822916
3985767563
2562720447
2883585468
2433649582
1277451821
2748285940
541913187
3423500537
2112695644
1834623552
2066343411
1490515865
1619316587
2012483467
1470658235
3055686516
1464985786
2837797335
260452914
1655444118
3810437575
2620812261
8797846
3966070996
2507277371
3883568275
1770482264
2031435922
2016008864
1235256126
3053174135
1676541058
4151894850
3231210841
524214554
974008672
1863980174
2261771391
1742271761
4101392823
1305474449
3916415600
2034151803
2971946044
1883910099
3029933838
431004324
6381736
962120749
408315924
3177254655
2201400030
144185516
489248329
2298789212
1406427156
1997537844
2897055611
2036898003
2340924752
3651531794
2416408806
2341841308
2819956485
753078140
1912787764
3658512262
568613512
1331308255
2208214217
2130408677
674882205
1731695016
807594646
3659869505
3589683601
1847081
2772140253
3607082715
3980322694
3965661351
2321389998
2723678514
3176160664
2087313830
2414701980
384120445
1608956525
1975809715
1182300111
2587765468
3240384298
498001069
502181868
1722606114
4074126463
3965899463
670044565
1574009825
2768461131
1589390500
4242385075
1654018957
4026452452
370731507
1416892515
671955944
1661358788
2620860455
857689748
1277265513
2413986300
3427452157
1779900267
257536541
2776706637
30146885
124248657
538057074
3821751095
1866675972
1330757760
229290311
220344517
1033612717
219586004
783594805
3230747813
3374965918
971778205
2434773363
3300575173
1212926504
678898247
1506103673
1828376380
4263517131
212030276
1735748976
3174657260
1430836020
829961418
1660652520
1832743872
2667021873
3232125402
2056189726
3571190891
1660036024
141261139
1294730719
1406168888
4031373778
1222515899
215890380
14975796
3656140012
312918300
4196450046
278798522
352452453
1501985847
3972783164
2875178954
1648379122
1230376291
4042128282
203847063
1210501225
448085570
1828275465
3014717077
1454866522
1465836464
3653260817
2056154202
4043749730
140558284
214891820
2050270365
2688443884
8742991
192152950
1174511626
331632498
3813378364
1306694954
103801749
232882836
62875173
32130999
2039846746
2040618479
1267828242
3724585570
3015233892
3029147430
6572279
2973982436
2360205412
0
68510492
1930322292
3178171858
492610680
453226562
117649826
1708828053
2478752789
492550604
1662381777
540891625
725268068
2874824446
4239505787
2676568644
4235859233
2609712446
3280862134
3770037523
2674180331
3479546057
2584794634
3118642650
2875715316
3001438362
2727359607
3404295783
3433378532
3786225581
3469569557
3477861475
3594949727
3026813578
2964208749
3262965035
3143170533
3543029824
3529743404
3180438225
3233823029
3401028250