
0
0
-9
0
870
-5
8
9
-8
-7
4
-22
0
-463
-10
6
-3
-151
938
-748
-214
8
1363
-739
1368
7
1361
-648
-2
-539
8
0
725
4
9
706
-782
-217
-147
-784
1372
-2
-35
8
866
-20
-808
1368
706
-656
870
2
-219
-40
-34
-240
875
-1476
928
-224
-141
1047
1135
706
431
-44
0
-1136
1042
160
-572
-751
1313
9
-311
-135
800
-1622
-808
-9
61
54
-127
-1726
-396
-753
790
1140
-122
696
-1186
-135
-798
2968
1133
785
923
1504
2967
2
-127
-370
799
-864
-117
1108
-251
-465
1504
-373
111
894
509
507
529
630
800
-859
507
1127
685
786
794
-1553
-385
109
2976
-571
694
1136
636
529
147
-1546
-406
499
-617
2983
783
1136
791
-406
-866
-612
-34
-379
1017
-250
-2245
488
1740
907
-1663
2359
430
1009
1016
510
-174
-1241
1036
541
-147
1037
-1240
-3204
-1614
1504
-3209
-1605
-3205
-535
-677
2357
-166
3531
-3201
982
-419
2442
623
822
-1251
464
-415
994
-577
-571
455
461
-576
1018
-1086
1433
1495
-960
-185
1010
-802
-811
-3198
1438
983
981
1501
1279
1510
-720
-3218
-1602
1137
-1232
401
1450
1436
-220
1274
-238
-1220
3654
-3211
-811
1440
815
-952
983
416
-99
-949
1285
-799
-1086
-173
985
-177
-792
3647
-792
810
-4101
1260
-1096
2304
-1591
-71
-397
3897
3651
-383
3652
820
418
475
409
1772
-221
-2519
-1270
-226
-1594
813
1367
-782
1135
-1599
-459
-2504
-788
3967
681
-63
804
484
-1590
1133
-764
-2503
1470
687
-435
977
1463
-223
-64
2688
-445
-1255
-408
-791
-459
34
-664
-794
1029
-44
-793
39
-414
3337
-300
1
1029
-448
-792
3345
-621
-2513
-39
691
2693
679
-46
-46
-222
3333
-2086
-330
3341
-38
1898
-624
1458
-1682
2152
-1909
-38
-1892
1884
2686
3340
3572
-2543
-1306
-416
-1312
1319
1972
1308
1616
3080
669
-106
1309
-1303
2692
2255
-627
-3936
-2365
1312
-630
-1075
1899
-90
929
-3943
-3935
2391
940
-1285
1510
-1268
2453
946
-628
-1688
936
-440
-842
2256
2260
1881
-1273
-3951
1504
2092
-2377
-851
2086
-3946
1930
643
642
1923
2253
1726
638
-851
-104
2460
1727
-2368
-207
-2051
-65
1934
-2060
830
-2147
3224
2766
3229
-2370
435
3122
-65
-2073
1013
-2078
1677
-244
3124
1241
1933
1678
-563
-2087
-3641
1004
3114
-2144
-200
-2164
2459
442
104
-2376
1880
-2079
-2944
1237
-2086
-228
1003
-2156
-408
-1335
2468
643
-237
-1122
-2365
-1888
961
430
-1047
-1890
1008
-1112
3061
-850
1746
-413
-404
-1035
-264
1934
-407
-484
1013
2762
834
-1329
816
-78
-2372
-1943
1929
2682
2685
1783
2690
2760
2216
1888
-2077
-1511
3584
1692
-248
-481
-3478
3594
3646
-3473
-3469
-233
2226
3064
-2380
214
-2078
212
3075
-3080
1898
997
2215
220
-1504
1145
2120
3069
-2296
2120
2210
-2302
-2374
2216
-1947
2120
1888
2129
1541
-1949
-2316
-2703
-2299
-2319
-929
1416
-2717
4374
-2308
1340
-244
4366
-2294
207
1289
-2687
2125
1477
1137
-3315
-2154
798
-1960
812
775
-480
631
632
-2083
1136
1144
48
-1331
2298
1301
-1335
-2125
-2095
1468
2120
-2168
-2098
767
3797
782
-1324
-3099
1655
1461
2115
-3306
-1948
997
-482
-2646
-2639
3128
3554
3563
1137
1490
1468
-2216
3972
1148
69
-228
-661
-662
-298
-2994
3976
-301
-675
-2648
3671
1490
1644
-3247
523
3673
3978
1709
-2207
-2294
-3482
1703
-664
989
3810
3402
1631
3668
-2290
3670
-2285
7
-2084
-3487
5
1709
3691
-216
-3156
1681
1634
-2343
-3160
4282
-2298
4795
-2285
-3163
1700
4271
-45
-2344
1638
-388
1708
-464
-463
1677
-4639
-3479
-463
2094
4339
4341
-2299
-232
-47
4046
-3477
-42
1551
1712
2494
1705
-2305
4273
4278
2089
-174
554
-2303
2089
-224
-1443
1675
3813
1360
-726
-4628
3104
2462
1862
2457
1711
-963
3808
1707
-3703
-49
1682
1682
3106
1679
126
1864
-4629
1679
-2545
-897
-4625
-1066
-2530
2500
-2542
-3630
-3728
1372
2496
-34
-1060
1529
4053
-4627
-3435
-3253
-3425
2785
-5403
-3625
127
1546
-5412
1857
-5411
-1593
-3950
-1332
815
-3624
2141
2496
1672
124
938
1684
3523
3098
-3064
2515
3515
3514
-521
-519
-891
-5030
-522
-781
-3444
-2112
3055
1676
2187
1124
-969
1536
-4468
-5730
-4472
3164
-904
4550
3092
-969
-4467
-904
-901
-910
-5737
-1678
-3539
-3432
-3529
2525
2196
1520
-4465
-1099
2283
2520
2519
-1063
1119
-1382
-1067
3161
936
926
-781
-982
2509
201
1492
2533
3096
-588
213
2512
-950
203
939
5194
-4087
1423
-911
824
1487
2657
-3532
1432
206
200
2372
3090
-1513
3019
2660
-5732
-945
2489
2673
1996
-5732
-1521
2530
-3403
-933
-952
-3393
-4434
2634
2484
-899
832
5199
-2445
1428
-51
838
-1511
-6579
1418
2484
2523
-6592
-896
1428
3157
156
2514
4358
-901
-910
3157
-1628
-3741
-4864
2820
2776
170
967
1498
820
980
-898
-736
3170
2528
3692
2521
2370
-789
1761
972
1757
835
-2442
2779
-831
-6589
2381
2777
2772
-795
-789
1486
-1587
3242
394
-913
-1325
1764
3570
-3748
390
1486
1374
3314
1476
-1587
3561
-2000
3698
2112
3172
1555
-1592
-2298
-1116
2510
1069
-1369
1552
3505
-1585
1428
-6517
-2502
-3747
2515
1399
2512
-905
-4452
2364
2677
-4454
2674
-907
-1245
3478
-4442
-1717
1046
1435
-6518
2936
-1712
1350
1049
-1870
-1239
-910
3521
1043
2947
459
2853
1430
-1865
-1980
1345
1176
1184
-7334
2936
-1984
-1271
1462
1481
3753
3478
-467
-1191
2940
4774
2209
2657
2270
2649
1341
-8045
2276
-3864
2654
-2837
-2005
-4219
3536
-2464
4782
2201
3752
-2098
3531
2664
1042
4779
-2099
-1378
3285
-1851
1184
-1572
2343
1184
3759
1452
2216
1189
-2995
2219
1725
3527
3287
-1570
-7497
-2456
-473
-2509
-2461

--- 0.0023348331451416016 secs ---
